//Index Req1    Req2    Req3   ReqP    MaxL    Value   DW      DK      FE      MG      DL      SU      RF																
1																
300	0	0	0	1	20	12.04	1	1	1	1	1	1	0			
301	0	0	0	1	20	614.18	4	4	4	4	4	4	0			
302	0	0	0	1	20	511.73	6	6	6	6	6	6	0			
303	0	0	0	1	20	1.81	7	7	7	7	7	7	0			
304	0	0	0	1	20	1.2	8	8	8	8	8	8	0			
305	300	0	0	1	20	12.04	9	9	9	9	9	9	0			
306	302	0	0	1	20	1.2	10	10	10	10	10	10	0			
307	303	0	0	1	20	1.2	11	11	11	11	11	11	0			
308	304	0	0	1	20	1.2	12	12	12	12	12	12	0			
309	0	0	0	1	20	60.2	14	14	14	14	14	14	0			
310	307	0	0	1	20	1.2	15	15	15	15	15	15	0			
311	308	0	0	1	20	1.2	16	16	16	16	16	16	0			
312	305	0	0	1	20	12.04	17	17	17	17	17	17	0			
313	309	0	0	1	20	1.2	18	18	18	18	18	18	0			
325	0	0	0	1	20	511.73	37	37	37	37	37	37	0			
326	0	0	22	1	20	5.02	0	41	0	0	0	0	0			
327	0	0	23	1	20	6.32	0	42	0	0	0	0	0			
328	0	0	19	1	20	6.32	0	43	0	0	0	0	0			
329	0	0	20	1	20	6.32	0	44	0	0	0	0	0			
330	0	0	41	1	20	6.32	0	45	0	0	0	0	0			
331	0	0	42	1	20	5.02	0	46	0	0	0	0	0			
332	0	0	330	1	20	1.2	0	49	0	0	0	0	0			
333	0	0	331	1	20	1.2	0	50	0	0	0	0	0			
334	0	0	0	1	20	102.35	51	51	52	52	52	52	0			
335	0	0	0	1	20	5.02	0	52	0	0	0	0	0			
336	0	0	43	1	20	5.02	0	53	0	0	0	0	0			
337	0	0	232	1	20	5.02	0	54	0	0	0	0	0			
338	334	0	0	1	20	102.35	55	55	56	56	56	56	0			
347	0	0	0	1	20	818.77	73	73	73	73	73	73	0			
348	0	0	0	1	20	8.83	0	77	0	77	0	0	0			
349	0	0	0	1	20	5.02	0	78	0	78	0	0	0			
350	0	0	0	1	20	6.32	0	79	0	0	0	0	0			
351	0	0	0	1	20	6.32	0	80	0	0	0	0	0			
352	348	0	0	1	20	11.54	0	81	0	81	0	0	0			
353	349	0	0	1	10	1	0	82	0	82	0	0	0			
354	350	0	0	1	20	1.2	0	83	0	0	0	0	0			
355	351	0	0	1	20	1.2	0	84	0	0	0	0	0			
356	0	0	48	1	20	1.81	0	85	0	0	0	0	0			
357	0	0	0	1	20	7.22	86	86	86	86	86	86	0			
358	0	0	0	1	20	9.14	87	87	87	87	87	87	0			
359	0	0	0	1	20	43.19	88	88	88	88	88	88	0			
360	0	0	356	1	20	1.81	0	89	0	0	0	0	0			
361	0	0	0	1	20	5.02	0	90	0	90	91	0	0			
362	359	0	0	1	20	43.19	92	92	92	92	92	92	0			
378	0	0	5	1	20	6.32	41	0	0	0	0	0	0			
379	0	0	3	1	20	6.32	42	0	0	0	0	0	0			
380	0	0	233	1	20	1.2	43	0	0	0	0	0	0			
381	0	378	14	1	20	5.02	45	0	0	0	0	0	0			
382	0	379	13	1	20	5.02	46	0	0	0	0	0	0			
383	0	0	380	1	20	1.2	47	0	0	0	0	0	0			
384	0	0	1	1	20	6.32	48	0	0	0	0	0	0			
385	0	0	9	1	20	5.02	49	0	0	0	0	0	0			
386	385	0	0	1	20	5.02	50	0	0	0	0	0	0			
387	0	384	38	1	20	5.02	52	0	0	0	0	0	0			
388	0	0	10	1	20	6.32	54	0	0	0	0	0	0			
389	0	0	7	1	20	6.32	56	0	0	0	0	0	0			
397	0	0	0	1	20	5.02	77	0	0	79	0	0	0			
398	0	0	0	1	20	8.83	78	0	0	80	0	0	0			
399	0	0	0	1	20	8.03	79	0	0	0	0	0	0			
400	397	0	0	1	10	1	81	0	0	83	0	0	0			
401	398	0	0	1	20	11.54	82	0	0	84	0	0	0			
402	399	0	0	1	20	12.04	83	0	0	0	0	0	0			
403	0	0	16	1	20	1.81	85	0	0	0	0	0	0			
404	0	0	403	1	20	8.03	89	0	0	0	0	0	0			
405	0	0	0	1	20	5.02	90	0	0	89	0	0	0			
413	0	0	26	1	20	5.02	0	0	41	0	0	0	0			
414	0	0	24	1	20	5.02	0	0	43	0	0	0	0			
415	0	0	0	1	20	60.2	0	0	44	0	0	0	0			
416	0	0	52	1	20	5.02	0	0	45	0	0	0	0			
417	0	0	27	1	20	5.02	0	0	46	0	0	0	0			
418	0	0	414	10	10	1	0	0	47	0	0	0	0			
419	415	0	0	1	20	60.2	0	0	48	0	0	0	0			
420	0	0	28	1	20	5.02	0	0	49	0	0	0	0			
421	0	0	0	1	20	5.02	0	0	51	0	0	0	0			
422	0	0	420	1	20	5.02	0	0	53	0	0	0	0			
423	0	0	417	1	20	5.02	0	0	54	0	0	0	0			
424	0	0	51	1	20	5.02	0	0	55	0	0	0	0			
435	0	0	0	1	20	5.02	0	0	77	0	0	0	0			
436	0	0	0	1	20	6.32	0	0	78	0	0	0	0			
437	0	0	0	1	20	8.03	0	0	79	0	0	0	0			
438	435	0	0	1	10	1	0	0	81	0	0	0	0			
439	436	0	0	1	20	11.54	0	0	82	0	0	0	0			
440	437	0	0	1	20	12.04	0	0	83	0	0	0	0			
441	0	0	77	1	20	1.2	0	0	89	0	0	0	0			
442	0	0	0	1	20	5.02	0	0	90	0	0	0	0			
448	0	0	0	1	20	6.32	0	0	0	0	0	41	0			
449	0	0	0	1	20	6.32	0	0	0	0	0	42	0			
450	0	0	0	1	20	6.32	0	0	0	0	0	43	0			
451	448	0	0	1	20	1.81	0	0	0	0	0	45	0			
452	449	0	0	1	20	1.2	0	0	0	0	0	46	0			
453	450	0	0	1	20	1.81	0	0	0	0	0	47	0			
454	0	0	219	1	20	1.2	0	0	0	0	0	48	0			
455	0	0	215	1	20	5.02	0	0	0	0	0	49	0			
456	0	0	230	1	20	5.02	0	0	0	0	0	50	0			
457	0	0	0	1	20	5.02	0	0	0	0	0	53	0			
458	0	0	214	1	20	5.02	0	0	0	0	0	55	0			
465	0	0	0	1	20	5.02	0	0	0	0	0	77	0			
466	0	0	0	1	20	6.32	0	0	0	0	0	78	0			
467	465	0	0	1	20	11.54	0	0	0	0	0	81	0			
468	466	0	0	1	10	1	0	0	0	0	0	82	0			
469	0	0	218	1	20	1.81	0	0	0	0	0	85	0			
470	0	0	469	1	20	1.81	0	0	0	0	0	89	0			
471	0	0	0	1	20	5.02	0	0	0	0	0	90	0			
479	0	0	22	1	20	5.02	0	0	0	41	0	0	0			
480	0	0	3	1	20	6.32	0	0	0	42	0	0	0			
481	0	0	41	1	20	6.32	0	0	0	43	0	0	0			
482	0	0	56	1	20	6.32	0	0	0	44	0	0	0			
483	0	0	5	1	20	6.32	0	0	0	45	0	0	0			
484	0	480	13	1	20	5.02	0	0	0	46	0	0	0			
485	481	482	0	1	20	5.02	0	0	0	48	0	0	0			
486	0	483	14	1	20	5.02	0	0	0	49	0	0	0			
487	0	0	9	1	20	5.02	0	0	0	50	0	0	0			
488	487	0	0	1	20	5.02	0	0	0	51	0	0	0			
489	0	0	7	1	20	6.32	0	0	0	55	0	0	0			
490	0	0	55	1	20	5.02	0	0	0	54	0	0	0			
508	0	0	61	1	20	5.02	0	0	0	0	41	0	0			
509	0	0	60	1	20	6.32	0	0	0	0	42	0	0			
510	0	0	0	1	20	12.04	0	0	0	0	43	0	0			
511	0	0	64	1	20	6.32	0	0	0	0	46	0	0			
512	0	510	62	1	20	5.02	0	0	0	0	47	0	0			
513	0	0	0	1	20	5.02	0	0	0	0	48	0	0			
514	0	0	508	1	20	1.2	0	0	0	0	49	0	0			
515	0	0	511	1	20	8.03	0	0	0	0	50	0	0			
516	0	0	512	1	20	1.2	0	0	0	0	51	0	0			
517	0	0	515	1	20	1.81	0	0	0	0	54	0	0			
518	0	0	78	1	20	5.02	0	0	0	0	55	0	0			
526	0	0	0	1	20	6.32	0	0	0	0	77	0	0			
527	0	0	0	1	20	5.02	0	0	0	0	78	0	0			
528	0	0	0	1	20	8.03	0	0	0	0	79	0	0			
529	0	0	0	1	20	6.32	0	0	0	0	80	0	0			
530	526	0	0	1	20	1.81	0	0	0	0	81	0	0			
531	527	0	0	1	20	11.54	0	0	0	0	82	0	0			
532	528	0	0	1	20	12.04	0	0	0	0	83	0	0			
533	529	0	0	1	20	38.22	0	0	0	0	84	0	0			
534	530	0	0	1	20	1.2	0	0	0	0	89	0	0			
535	0	0	0	1	20	12.04	0	0	0	0	90	0	0			
//
551	0	0	260	1	20	5.02	0	0	0	0	0	0	41
552	0	0	261	1	20	5.02	0	0	0	0	0	0	42
554	0	0	551	1	20	1.2	0	0	0	0	0	0	45
555	0	0	552	1	20	1.2	0	0	0	0	0	0	46
557	0	0	0	1	20	5.02	0	0	0	0	0	0	52
558	0	0	262	1	20	5.02	0	0	0	0	0	0	53
559	0	0	263	1	20	5.02	0	0	0	0	0	0	54
560	0	0	264	1	20	5.02	0	0	0	0	0	0	56
568	0	0	0	1	20	5.02	0	0	0	0	0	0	77
569	0	0	268	1	20	5.02	0	0	0	0	0	0	78
571	568	0	0	1	10	1.2	0	0	0	0	0	0	81
572	0	0	569	1	20	5.02	0	0	0	0	0	0	82
573	0	0	267	1	20	11.54	0	0	0	0	0	0	85
578	0	0	0	1	20	12.04	0	0	0	0	0	0	1
579	0	0	0	1	20	255.87	0	0	0	0	0	0	4
580	0	0	0	1	20	307.04	0	0	0	0	0	0	6
581	0	0	0	1	20	1.81	0	0	0	0	0	0	7
582	0	0	0	1	20	1.2	0	0	0	0	0	0	8
583	578	0	0	1	20	12.04	0	0	0	0	0	0	9
584	580	0	0	1	20	1.2	0	0	0	0	0	0	10
585	581	0	0	1	20	1.2	0	0	0	0	0	0	11
586	582	0	0	1	20	1.2	0	0	0	0	0	0	12
587	0	0	0	1	20	33.71	0	0	0	0	0	0	14
588	585	0	0	1	20	1.2	0	0	0	0	0	0	15
589	586	0	0	1	20	1.2	0	0	0	0	0	0	16
590	583	0	0	1	20	12.04	0	0	0	0	0	0	17
591	587	0	0	1	20	1.2	0	0	0	0	0	0	18
599	0	0	0	1	20	204.69	0	0	0	0	0	0	37
600	0	0	0	1	20	54.18	0	0	0	0	0	0	51
601	600	0	0	1	20	54.18	0	0	0	0	0	0	55
603	0	0	0	1	20	327.51	0	0	0	0	0	0	73
604	0	0	0	1	20	7.22	0	0	0	0	0	0	86
605	0	0	0	1	20	9.14	0	0	0	0	0	0	87
606	0	0	0	1	20	43.19	0	0	0	0	0	0	88
607	0	0	0	1	20	5.02	0	0	0	0	0	0	90
608	606	0	0	1	20	43.19	0	0	0	0	0	0	92
//
end																
