//############################################
// POWERED BY MU ENGINE                                    //
//                    WWW.MUENGINE.ORG                      //
//###########################################

//旨收收收收收收收收收收收收收收收收收收收收收收收收收收收收收收收收收收收收收收收旬
//早 Green Chaos Box Drop Settings                                                早
//曲收收收收收收收收收收收收收收收收收收收收收收收收收收收收收收收收收收收收收收收旭
//---------------------------------------------------------------------------------
// MapSettings
//---------------------------------------------------------------------------------
0
//[MapIndex] [Drop Flag] [Min Monster Level] [Max MonsterLevel]
	0	0	0	1000	//	Lorencia
	1	0	0	1000	//	Dungeon
	2	0	0	1000	//	Devias
	3	0	0	1000	//	Noria
	4	0	0	1000	//	Losttower
	5	0	0	1000	//	Exile
	6	0	0	1000	//	Stadium
	7	0	0	1000	//	Atlans
	8	0	0	1000	//	Tarkan
	9	0	0	1000	//	Devil Square
	10	0	0	1000	//	Icarus
end
//---------------------------------------------------------------------------------
// Drop Settings
//---------------------------------------------------------------------------------
1
//[EventName] [DropZen] [EventItemType] [EventItemIndex] [EventItemLevel] [EventItemDropRate] [ItemDropRate] [ExItemDropRate]
          "GreenChaosBox"       90000	                      0	0	0	              0	                                   100	          0
end
//---------------------------------------------------------------------------------
// Item Drop Settings
//---------------------------------------------------------------------------------
2
//[Index] [Type] [MinLevel] [MaxLevel] [Skill] [Luck] [Option] [ExItemflag]

1800
	7	6	6	9	0	1	1	0	
	8	6	6	9	0	1	1	0	
	9	6	6	9	0	1	1	0	
	10	6	6	9	0	1	1	0	
	11	6	6	9	0	1	1	0	
	7	11	6	9	0	1	1	0	
	8	11	6	9	0	1	1	0	
	9	11	6	9	0	1	1	0	
	10	11	6	9	0	1	1	0	
	11	11	6	9	0	1	1	0	
	7	4	6	9	0	1	1	0	
	8	4	6	9	0	1	1	0	
	9	4	6	9	0	1	1	0	
	10	4	6	9	0	1	1	0	
	11	4	6	9	0	1	1	0	
	7	8	6	9	0	1	1	0	
	8	8	6	9	0	1	1	0	
	9	8	6	9	0	1	1	0	
	10	8	6	9	0	1	1	0	
	11	8	6	9	0	1	1	0	
	7	12	6	9	0	1	1	0	
	8	12	6	9	0	1	1	0	
	9	12	6	9	0	1	1	0	
	10	12	6	9	0	1	1	0	
	11	12	6	9	0	1	1	0	
	7	7	6	9	0	1	1	0	
	8	7	6	9	0	1	1	0	
	9	7	6	9	0	1	1	0	
	10	7	6	9	0	1	1	0	
	11	7	6	9	0	1	1	0	
	7	39	6	9	0	1	1	0	
	8	39	6	9	0	1	1	0	
	9	39	6	9	0	1	1	0	
	10	39	6	9	0	1	1	0	
	11	39	6	9	0	1	1	0	
end

1500
	0	7	6	9	1	1	1	0	
	0	9	6	9	1	1	1	0	
	0	5	6	9	1	1	1	0	
	0	11	6	9	1	1	1	0	
	1	3	6	9	1	1	1	0	
	4	9	6	9	1	1	1	0	
	4	11	6	9	1	1	1	0	
	4	4	6	9	1	1	1	0	
	4	12	6	9	1	1	1	0	
	5	1	6	9	1	1	1	0	
	5	2	6	9	1	1	1	0	
	5	3	6	9	1	1	1	0	
	5	14	6	9	1	1	1	0	
end

700
	6	9	6	9	1	1	1	0	
	6	11	6	9	1	1	1	0	
	6	3	6	9	1	1	1	0	
	6	6	6	9	1	1	1	0	
	6	5	6	9	1	1	1	0	
end

500
	14	19	1	2	0	0	0	0	
	13	18	1	3	0	0	0	0	
end