//############################################
// POWERED BY MU ENGINE                                    //
//                    WWW.MUENGINE.ORG                      //
//###########################################

//旨收收收收收收收收收收收收收收收收收收收收收收收收收收收收收收收收收收收收收收收旬
//早 Illusion Temple 2 Drop Settings                                              早
//曲收收收收收收收收收收收收收收收收收收收收收收收收收收收收收收收收收收收收收收收旭
//---------------------------------------------------------------------------------
// MapSettings
//---------------------------------------------------------------------------------
0
//[MapIndex] [Drop Flag] [Min Monster Level] [Max MonsterLevel]
	0	0	0	1000	//	Lorencia
	1	0	0	1000	//	Dungeon
	2	0	0	1000	//	Devias
	3	0	0	1000	//	Noria
	4	0	0	1000	//	Losttower
	5	0	0	1000	//	Exile
	6	0	0	1000	//	Stadium
	7	0	0	1000	//	Atlans
	8	0	0	1000	//	Tarkan
	9	0	0	1000	//	Devil Square
	10	0	0	1000	//	Icarus
end
//---------------------------------------------------------------------------------
// Drop Settings
//---------------------------------------------------------------------------------
1
//[EventName] [DropZen] [EventItemType] [EventItemIndex] [EventItemLevel] [EventItemDropRate] [ItemDropRate] [ExItemDropRate]
          "IllusionTemple2"       100000	                      0	0	0	              0	                                   100	          0
end
//---------------------------------------------------------------------------------
// Item Drop Settings
//---------------------------------------------------------------------------------
2
//[Index] [Type] [MinLevel] [MaxLevel] [Skill] [Luck] [Option] [ExItemflag]

4000
	14	3	1	1	0	0	0	0	
	14	6	0	0	0	0	0	0	
	14	8	0	0	0	0	0	0	
	14	40	0	0	0	0	0	0	
	14	35	0	0	0	0	0	0	
end

500
	14	20	0	0	0	0	0	0	
	14	36	0	0	0	0	0	0	
end

100
	10	16	0	4	0	1	1	0	
	10	17	0	4	0	1	1	0	
	10	18	0	4	0	1	1	0	
	10	19	0	4	0	1	1	0	
	10	27	0	4	0	1	1	0	
	11	16	0	4	0	1	1	0	
	11	17	0	4	0	1	1	0	
	11	18	0	4	0	1	1	0	
	11	19	0	4	0	1	1	0	
	11	27	0	4	0	1	1	0	
end

100
	7	16	0	4	0	1	1	0	
	7	17	0	4	0	1	1	0	
	7	18	0	4	0	1	1	0	
	7	19	0	4	0	1	1	0	
	7	27	0	4	0	1	1	0	
	9	16	0	4	0	1	1	0	
	9	17	0	4	0	1	1	0	
	9	18	0	4	0	1	1	0	
	9	19	0	4	0	1	1	0	
	9	27	0	4	0	1	1	0	
end

100
	8	16	0	4	0	1	1	0	
	8	17	0	4	0	1	1	0	
	8	18	0	4	0	1	1	0	
	8	19	0	4	0	1	1	0	
	8	27	0	4	0	1	1	0	
end

50
	0	17	0	4	1	1	1	0	
	5	9	0	4	0	1	1	0	
	6	15	0	4	1	1	1	0	
	4	19	0	4	1	1	1	0	
	2	11	0	4	1	1	1	0	
	0	31	0	4	1	1	1	0	
end

10
	0	14	0	0	1	1	1	1	
	2	5	0	0	1	1	1	1	
	2	9	0	0	1	1	1	1	
	4	14	0	0	1	1	1	1	
	5	5	0	0	0	1	1	1	
	4	13	0	0	1	1	1	1	
	6	14	0	0	1	1	1	1	
	6	11	0	0	1	1	1	1	
end

20
	10	1	0	0	0	1	1	1	
	10	3	0	0	0	1	1	1	
	10	14	0	0	0	1	1	1	
	11	1	0	0	0	1	1	1	
	11	3	0	0	0	1	1	1	
	11	14	0	0	0	1	1	1	
end

20
	7	1	0	0	0	1	1	1	
	7	3	0	0	0	1	1	1	
	7	14	0	0	0	1	1	1	
	9	1	0	0	0	1	1	1	
	9	3	0	0	0	1	1	1	
	9	14	0	0	0	1	1	1	
end

20
	8	1	0	0	0	1	1	1	
	8	3	0	0	0	1	1	1	
	8	14	0	0	0	1	1	1	
end

5
	14	13	0	0	0	0	0	0	
	14	14	0	0	0	0	0	0	
end
end