//############################################
// POWERED BY MU ENGINE                                    //
//                    WWW.MUENGINE.ORG                      //
//###########################################

//旨收收收收收收收收收收收收收收收收收收收收收收收收收收收收收收收收收收收收收收收旬
//早 Purple Chaos Box Drop Settings                                               早
//曲收收收收收收收收收收收收收收收收收收收收收收收收收收收收收收收收收收收收收收收旭
//---------------------------------------------------------------------------------
// MapSettings
//---------------------------------------------------------------------------------
0
//[MapIndex] [Drop Flag] [Min Monster Level] [Max MonsterLevel]
	0	0	0	1000	//	Lorencia
	1	0	0	1000	//	Dungeon
	2	0	0	1000	//	Devias
	3	0	0	1000	//	Noria
	4	0	0	1000	//	Losttower
	5	0	0	1000	//	Exile
	6	0	0	1000	//	Stadium
	7	0	0	1000	//	Atlans
	8	0	0	1000	//	Tarkan
	9	0	0	1000	//	Devil Square
	10	0	0	1000	//	Icarus
end
//---------------------------------------------------------------------------------
// Drop Settings
//---------------------------------------------------------------------------------
1
//[EventName] [DropZen] [EventItemType] [EventItemIndex] [EventItemLevel] [EventItemDropRate] [ItemDropRate] [ExItemDropRate]
          "PurpleChaosBox"       300000	                      0	0	0	              0	                                   100	          0
end
//---------------------------------------------------------------------------------
// Item Drop Settings
//---------------------------------------------------------------------------------
2
//[Index] [Type] [MinLevel] [MaxLevel] [Skill] [Luck] [Option] [ExItemflag]

1500
	0	16	6	8	1	1	1	0	
	0	17	6	8	1	1	1	0	
	4	16	6	8	1	1	1	0	
	5	6	6	8	1	1	1	0	
	5	8	6	8	1	1	1	0	
	5	17	6	8	1	1	1	0	
	0	18	6	8	1	1	1	0	
	2	10	6	8	1	1	1	0	
end

2700
	7	18	6	9	0	1	1	0	
	8	18	6	9	0	1	1	0	
	9	18	6	9	0	1	1	0	
	10	18	6	9	0	1	1	0	
	11	18	6	9	0	1	1	0	
	8	20	6	9	0	1	1	0	
	9	20	6	9	0	1	1	0	
	10	20	6	9	0	1	1	0	
	11	20	6	9	0	1	1	0	
	7	17	6	9	0	1	1	0	
	8	17	6	9	0	1	1	0	
	9	17	6	9	0	1	1	0
	10	17	6	9	0	1	1	0	
	11	17	6	9	0	1	1	0	
	7	19	6	9	0	1	1	0	
	8	19	6	9	0	1	1	0	
	9	19	6	9	0	1	1	0	
	10	19	6	9	0	1	1	0	
	11	19	6	9	0	1	1	0	
	7	38	6	9	0	1	1	0	
	8	38	6	9	0	1	1	0	
	9	38	6	9	0	1	1	0	
	10	38	6	9	0	1	1	0	
	11	38	6	9	0	1	1	0	
	7	41	6	9	0	1	1	0	
	8	41	6	9	0	1	1	0	
	9	41	6	9	0	1	1	0	
	10	41	6	9	0	1	1	0	
	11	41	6	9	0	1	1	0	
end

600
	6	15	6	9	0	1	1	0	
	6	16	6	9	0	1	1	0	
end

500
	5	5	0	0	0	1	1	1	
	3	9	0	0	0	1	1	1	
	4	5	0	0	0	1	1	1	
	0	14	0	0	0	1	1	1	
	2	5	0	0	0	1	1	1	
	2	9	0	0	0	1	1	1	
	4	13	0	0	0	1	1	1	
	5	15	0	0	0	1	1	1	
end

500
	7	34	0	0	0	1	1	1	
	8	34	0	0	0	1	1	1	
	9	34	0	0	0	1	1	1	
	10	34	0	0	0	1	1	1	
	11	34	0	0	0	1	1	1	
	7	36	0	0	0	1	1	1	
	8	36	0	0	0	1	1	1	
	9	36	0	0	0	1	1	1	
	10	36	0	0	0	1	1	1	
	11	36	0	0	0	1	1	1	
	7	35	0	0	0	1	1	1	
	8	35	0	0	0	1	1	1	
	9	35	0	0	0	1	1	1	
	10	35	0	0	0	1	1	1	
	11	35	0	0	0	1	1	1	
	7	26	0	0	0	1	1	1	
	8	26	0	0	0	1	1	1	
	9	26	0	0	0	1	1	1	
	10	26	0	0	0	1	1	1	
	11	26	0	0	0	1	1	1	
	7	41	0	0	0	1	1	1	
	8	41	0	0	0	1	1	1	
	9	41	0	0	0	1	1	1	
	10	41	0	0	0	1	1	1	
	11	41	0	0	0	1	1	1	
	8	15	0	0	0	1	1	1	
	9	15	0	0	0	1	1	1	
	10	15	0	0	0	1	1	1	
	11	15	0	0	0	1	1	1	
end

200
	6	13	0	0	0	1	1	1	
	6	14	0	0	0	1	1	1	
end

300
	14	13	0	0	0	0	0	0	
	14	14	0	0	0	0	0	0	
	14	22	0	0	0	0	0	0	
	14	42	0	0	0	0	0	0	
	14	16	0	0	0	0	0	0	
end

500
	14	19	5	7	0	0	0	0	
	13	18	6	8	0	0	0	0	
	14	28	7	8	0	0	0	0	
	13	51	3	5	0	0	0	0	
end
end